NumberOfBall, Viscosity, CRestitution, TimeStep, DispTime, Windx, Windy, Windz, Kws, Kwd, Kbs, Kbd, Kdl, Kda
48 0.4 0.7 0.01 0.01 5.0 0.0 0.0 3.0 0.5 1.0 0.1 0.2 0.2
10 0 0 0 -12.00 16.00  12.00 0.5
10 0 0 0 -12.00 16.00 -12.00 0.5
10 0 0 0 -12.00 -16.00 -12.00 0.5
10 0 0 0 -12.00 -16.00  12.00 0.5
10 0 0 0 12.00 16.00  12.00 0.5
10 0 0 0 12.00 16.00 -12.00 0.5
10 0 0 0 12.00 -16.00 -12.00 0.5
10 0 0 0 12.00 -16.00  12.00 0.5
10 0 0 0 -12.00 16.00  12.00 0.5
10 0 0 0 -12.00 16.00 -12.00 0.5
10 0 0 0 -12.00 -16.00 -12.00 0.5
10 0 0 0 -12.00 -16.00  12.00 0.5
10 0 0 0 12.00 16.00  12.00 0.5
10 0 0 0 12.00 16.00 -12.00 0.5
10 0 0 0 12.00 -16.00 -12.00 0.5
10 0 0 0 12.00 -16.00  12.00 0.5
10 0 0 0 -12.00 18.00  12.00 0.5
10 0 0 0 -12.00 18.00 -12.00 0.5
10 0 0 0 -12.00 -18.00 -12.00 0.5
10 0 0 0 -12.00 -18.00  12.00 0.5
10 0 0 0 12.00 18.00  12.00 0.5
10 0 0 0 12.00 18.00 -12.00 0.5
10 0 0 0 12.00 -18.00 -12.00 0.5
10 0 0 0 12.00 -18.00  12.00 0.5
10 0 0 0 -18.00 8.00  18.00 0.5
10 0 0 0 -18.00 8.00 -18.00 0.5
10 0 0 0 -18.00 -8.00 -18.00 0.5
10 0 0 0 -18.00 -8.00  18.00 0.5
10 0 0 0 18.00 8.00  18.00 0.5
10 0 0 0 18.00 8.00 -18.00 0.5
10 0 0 0 18.00 -8.00 -18.00 0.5
10 0 0 0 18.00 -8.00  18.00 0.5
10 0 0 0 -12.00 16.00  12.00 0.5
10 0 0 0 -12.00 16.00 -12.00 0.5
10 0 0 0 -12.00 -16.00 -12.00 0.5
10 0 0 0 -12.00 -16.00  12.00 0.5
10 0 0 0 12.00 16.00  12.00 0.5
10 0 0 0 12.00 16.00 -12.00 0.5
10 0 0 0 12.00 -16.00 -12.00 0.5
10 0 0 0 12.00 -16.00  12.00 0.5
10 0 0 0 -12.00 16.00  12.00 0.5
10 0 0 0 -12.00 16.00 -12.00 0.5
10 0 0 0 -12.00 -16.00 -12.00 0.5
10 0 0 0 -12.00 -16.00  12.00 0.5
10 0 0 0 12.00 16.00  12.00 0.5
10 0 0 0 12.00 16.00 -12.00 0.5
10 0 0 0 12.00 -16.00 -12.00 0.5
10 0 0 0 12.00 -16.00  12.00 0.5
-60.0 160.0 -60.0 1.0
60.0 160.0 60.0 1.0
0.0 170.0 0.0 1.0
0.0 110.0 0.0 10.0
-20.0 40.0 -20.0 5.0
20.0 40.0 20.0 5.0
Mass, V0x, V0y, V0z, Px, Py, Pz, Radius
